13215363454
13215376856
13214995777
13215250800
13214662804
13214185526
13215048818
13214397542
13214381526
13214384036
13214028179
13214386840
13214438934
13214460830
13214779062
13214436853
13214421438
13214621010
13215442855
13214398051
13215774718
13214432110
13214650361
13214822463
13214807768
13214243916
13214371213
13214441686
13215259113
13214440689
13214651568
13214327191
13214315666
13214708636
13215069206
13215041071
13215667177
13215377272
13214028566
13214362020
13214778271
13215057676
13214621110
13214429122
13214468235
13214383257
13215128075
13214567245
13215255760
13214230767
13214125016
13215057053
13215122075
13214279005
13214024890
13215252339
13214742148
13214687252
13214299595
13215376383
13214679428
13215580058
13214409873
13214049384
13215123341
13215067774
13215053372
13214744356
13215253024
13214448718
13214171521
13214388420
13215918429
13215034068
13214395420
13214695654
13215271233
13214248975
13214566058
13215440199
13215051420
13214567788
13214037173
13214219171
13215278896
13214296015
13214608308
13215943346
13215041523
13214650433
13214178594
13214272482
13214805449
13215222393
13215364219
13215147388
13214317029
13214298520
13214026657
13215015875
13214371055
13214436383
13214607399
13214682042
13214603365
13215221019
13214742342
13215019039
13215431961
13215764287
13214602981
13214583549
13215271769
13215886543
13215440327
13215271538
13214371373
13214779056
13214027817
13215259688
13214604858
13214607382
13214826409
13215051369
13215491806
13215039367
13215060521
13214249208
13215940747
13214434330
13214374376
13214726211
13214028863
13214244325
13215932069
13214244525
13215015416
13214083872
13214674667
13214742824
13214645678
13215123788
13214434270
13214892888
13214236415
13214606265
13215572858
13214661070
13214516370
13214743350
13214314752
13214397173
13214189115
13214002395
13215054227
13214747230
13215379712
13214296193
13214088879
13214650112
13214232827
13214152065
13214398182
13214361932
13215881874
13215375720
13214646517
13214380610
13214202840
13214425872
13215573835
13215914078
13214109036
13214422866
13215911824
13215079324
13215415015
13214408451
13215125361
13215075436
13214425317
13214266044
13215057575
13214383087
13215775325
13214374531
13215221733
13215438433
13214197713
13214580438
13214391791
13214678838
13214409549
13215940774
13214421117
13215439844
13214395033
13215070753
13215765093
13214388902
13214448053
13215271501
13214674950
13215572735
13214304958
13214434889
13214195182
13215443637
13214276538
13214393864
13214427887
13215447389
13214741615
13215015383
13214396217
13215057709
13215229129
13214297944
13214312471
13214566735
13215432484
13214464933
13214809974
13214448020
13214023004
13215124516
13214485018
13214466942
13214433717
13214323594
13214247802
13215917247
13214604512
13214328900
13215250327
13215142411
13214465175
13215252543
13214387027
13214399208
13214580358
13214389503
13214448934
13215221404
13214425823
13215250991
13214674487
13215120404
13215434977
13215915720
13215432640
13215148986
13215059171
13215037964
13214811789
13215768134
13214806847
13214773763
13214584822
13214127763
13215918338
13214748376
13214420787
13214435363
13214270542
13214234732
13214479193
13215936977
13214609907
13214612957
13215062333
13214383422
13214386341
13215082645
13214462788
13214314728
13214627878
13214393104
13214184685
13214295111
13214181968
13214435517
13215255024
13215274655
13215253888
13214434468
13215120885
13215050288
13215122942
13214406745
13215070717
13214479375
13215274695
13215278558
13214087039
13214026620
13215915463
13215038199
13214029792
13215376252
13215251668
13214231338
13215067595
13215366961
13215576920
13214404330
13214594242
13215578522
13215491703
13215668385
13215948129
13214275517
13214291060
13215061991
13215773611
13214298885
13214081323
13214669323
13214109966
13214439447
13214441754
13214215117
13215948502
13215017094
13214438090
13215076457
13214202710
13214372430
13214648475
13214796039
13214128657
13214022696
13214585696
13215445622
13215018107
13215083260
13215415922
13214058852
13214424283
13214425562
13214682459
13215017552
13214271675
13215271429
13215035457
13214058427
13215129212
13214294645
13214826209
13215013150
13214437797
13215227359
13215435997
13215052259
13215767872
13215932590
13214421456
13214741935
13215887425
13215052727
13215880949
13214292590
13215914993
13215035596
13214275083
13214080892
13214074311
13215128300
13214438775
13215253640
13214748439
13214403760
13214382427
13214406247
13215142272
13215144021
13214277033
13215129949
13214368553
13214389075
13214603201
13214740104
13214192033
13214036967
13215010966
13214746380
13215431493
13214629182
13214023712
13214432875
13214247117
13215016830
13215037012
13215572360
13214671995
13214429027
13214672355
13214389885
13214822545
13215018498
13215941000
13215575357
13215256484
13214021958
13214660908
13214435426
13214007343
13214431055
13214242863
13215067777
13214436780
13214515383
13214234356
13215360920
13214392990
13214401841
13214497188
13214021948
13215943784
13214651267
13215949411
13214024369
13214376605
13215442092
13215141055
13214431056
13215433058
13214007514
13214745103
13215274022
13215663247
13214433496
13214203544
13214604166
13214606351
13214647664
13214374939
13214779697
13215126166
13214620428
13215038261
13214079966
13214198565
13215086101
13214122208
13215228884
13214275896
13214436782
13214389035
13214804936
13214423298
13214441875
13214109658
13214426335
13215279108
13215122380
13214442498
13215363646
13214234999
13215054159
13214581076
13215438893
13215227241
13214373363
13215129042
13214995350
13214122221
13214325349
13214999189
13214641415
13214394119
13214374663
13214400346
13214748904
13214435343
13215121571
13214407267
13215445784
13214442919
13214405330
13215578301
13214381660
13214385194
13214029399
13214327195
13214745612
13214402812
13215571909
13214651425
13215774207
13214607978
13214442238
13214384487
13215948473
13215279647
13215433639
13214024021
13215578691
13214316850
13214024546
13214990762
13214603041
13214583047
13215773488
13214372114
13214083122
13214315201
13215577610
13214995265
13215375104
13214324146
13215377744
13214479644
13215270815
13214232228
13215499311
13214995868
13214228499
13214389212
13214054966
13215917532
13215060052
13215764541
13214003421
13215773071
13214081881
13214404138
13214438716
13215126830
13214567724
13214468704
13214403649
13214629801
13214242675
13214803972
13214240549
13214647826
13214387388
13214427124
13214826370
13215373750
13215368913
13214312183
13214600549
13215067858
13215252722
13214229853
13214936349
13214029449
13214209030
13214602758
13214382643
13215122695
13215126021
13214471767
13215124523
13214382800
13215179133
13214021227
13215668825
13215780635
13214202072
13215276049
13214381744
13214203837
13214422699
13215276088
13214609776
13215949380
13215941446
13214385139
13214805155
13215910250
13214292816
13215415958
13214427479
13214197587
13215279547
13215778881
13215076739
13215913978
13214606224
13214394037
13214278344
13214229231
13214664392
13215571847
13214401512
13215067275
13214407620
13214058068
13214747381
13214396511
13214423727
13214606392
13214003837
13214314225
13214742023
13214802773
13215010878
13215068683
13215782414
13215668308
13214650273
13214406304
13214747586
13214584181
13214400981
13214328802
13215576997
13214743467
13215949202
13215444849
13214277212
13214401965
13214445093
13215940113
13215251034
13214397144
13214582724
13215570256
13214192801
13214644524
13214427241
13215058001
13215031583
13214402090
13214779861
13214194139
13215442966
13215372746
13214437359
13215255131
13214680917
13214387898
13215440680
13214296000
13215031448
13215036132
13214291843
13215445698
13214641917
13215376669
13214795402
13214629675
13214393286
13215415362
13214800247
13214397710
13215917394
13214387816
13214389329
13215068629
13214434365
13214326834
13215066006
13215576049
13215068994
13214778682
13214824872
13214409262
13214109877
13214445663
13215915528
13214405980
13214248283
13214022938
13215221355
13215367942
13215574827
13215939457
13215120820
13214435323
13214387630
13215124109
13214371294
13214403037
13215126107
13214388712
13214171266
13214793855
13214795485
13214584292
13214405958
13215781767
13214422185
13215038596
13214588175
13214468993
13215778001
13214439396
13215145329
13214403765
13215432040
13214004190
13215570169
13214462705
13214385090
13214249002
13214316946
13214532300
13214195925
13214322183
13215050403
13215580374
13215066218
13214329823
13214386023
13215013106
13215011621
13215041316
13214271001
13214805229
13214242677
13214299540
13214997637
13214396603
13214176743
13214485795
13214820234
13214594341
13214425344
13214448842
13214081639
13214425547
13214329035
13215574363
13215869751
13214239082
13214373178
13214742929
13214510319
13214684676
13215041766
13214029310
13215019050
13215123917
13214434486
13214774697
13214745762
13215433944
13214671955
13214466541
13215050950
13215127554
13214387834
13215036272
13214469354
13215083348
13214021039
13215445064
13215121644
13214361370
13214778231
13214707629
13215274920
13215075038
13214997431
13214662927
13215413973
13214386350
13215039688
13214470963
13214368325
13214809421
13214408780
13214029888
13215376089
13214184195
13215058007
13214438730
13214241739
13214082957
13214276657
13214438395
13214827342
13214248855
13214422178
13214430732
13215573653
13214641158
13214185288
13215123275
13215251715
13214401625
13214171428
13215251405
13215571385
13215016560
13214273748
13214239313
13214432156
13215445646
13215867154
13214629240
13214178322
13214933840
13214379446
13214549186
13215274149
13215120381
13215146698
13214000622
13214237522
13214425340
13214719070
13214672701
13215916648
13214176312
13214389550
13215441479
13215067852
13215916895
13215374759
13215084402
13215499353
13215867041
13215127604
13214772002
13215444632
13214603946
13214440700
13214386560
13214470734
13215943451
13214379039
13214405981
13215018571
13214429680
13214496511
13214401929
13215572047
13215255483
13214582871
13214029729
13214023125
13214804661
13214249319
13214079237
13214372465
13215294516
13214643008
13214423586
13215578724
13215430536
13214241423
13215035555
13214389518
13214312523
13214660016
13215367719
13214244403
13214463866
13214059716
13214447887
13214585771
13215013066
13215766353
13214806462
13214021661
13214443818
13214400424
13214463202
13215910118
13215441736
13214827765
13214377499
13214799007
13215871790
13215943570
13214748143
13214747803
13214124888
13215914142
13214195406
13215250226
13215932139
13214386084
13215916737
13214311555
13214422515
13215294240
13214192101
13214685852
13214582027
13214435944
13215226337
13215129036
13215576438
13215434787
13215270207
13214463801
13214323390
13214247434
13214441054
13215226000
13214202669
13215294837
13214779969
13215943979
13215577634
13215586280
13215140674
13215128000
13214327414
13214441122
13215491391
13215939568
13214808838
13214588960
13214189555
13214029331
13214661990
13214070435
13214243848
13214743207
13214425714
13215140123
13214426069
13214449667
13214376074
13214423863
13214394764
13214600714
13214394474
13215149402
13214795776
13214585276
13214449710
13214229868
13215145634
13215121732
13214741755
13215041535
13214804994
13214003166
13214401057
13215911528
13214236899
13214432537
13214432978
13214567944
13215911275
13215274250
13214387575
13215227870
13215120384
13215867306
13214272593
13214432162
13215370167
13215949813
13215774597
13214435939
13215880457
13215918123
13215253239
13215378867
13214390131
13214584883
13214309733
13214586207
13214608666
13214606001
13215668720
13215366459
13215776727
13215440434
13214297662
13214299504
13214683287
13214445842
13215121673
13215052396
13215124609
13214581627
13214431137
13215941935
13215056061
13215360375
13215867733
13214425459
13214443333
13214584153
13215499796
13214024179
13215763844
13214396363
13214447301
13214588686
13214424645
13215279671
13214383586
13214391284
13214609738
13214024575
13214679058
13214313242
13214426057
13215413874
13214381238
13214426626
13215055807
13214203172
13215444495
13215222799
13214328151
13214322490
13214395673
13214054138
13214510687
13214683772
13214653950
13215910001
13215012874
13215064232
13214410680
13214448127
13215228243
13214178997
13214222012
13214316363
13214278187
13214427271
13214652361
13214461246
13214317261
13214126728
13214373006
13215882999
13214469415
13214430776
13214054286
13215222216
13215078373
13214427561
13214328917
13214249953
13214179580
13214604470
13215413545
13214441058
13214238584
13214708066
13215570793
13215276709
13214432829
13214384236
13215122728
13214433450
13215574859
13214265646
13214674054
13214447428
13214583102
13214373900
13215577188
13215179251
13215782758
13215914318
13215373046
13214432388
13215415086
13214379915
13214021542
13214429881
13214440181
13215140654
13214449588
13214460011
13215123170
13214432721
13214424851
13215229727
13214291053
13214054852
13214230672
13214421951
13214122454
13214241118
13215122953
13214629244
13214379531
13214325039
13215031300
13214746018
13214430701
13215573416
13214407616
13215128098
13214310445
13214471814
13214427782
13214424389
13214203238
13214442282
13214719802
13215063850
13214300200
13214127110
13214012143
13215949668
13214276153
13214089614
13215144811
13215768760
13214197926
13214028221
13215053919
13214401039
13214441204
13215127119
13215048379
13214622102
13215570757
13214123443
13214198003
13215128340
13214447582
13215915856
13215068507
13214236933
13214405632
13214399218
13214276483
13214277685
13214178332
13214606204
13215881531
13214441769
13214021602
13214314575
13214235478
13214403194
13214430854
13215064997
13214628293
13214125768
13214320583
13214468474
13214373418
13215089097
13214415240
13214274513
13214244161
13214082766
13215363617
13214184136
13215931696
13214426278
13214407758
13214443040
13214388412
13215054810
13214778913
13215940550
13215250928
13215054648
13214239961
13214384518
13214432192
13214807532
13215887140
13215127057
13215911229
13215943242
13214244942
13215660314
13214203740
13214203838
13215577450
13215766240
13215869772
13214629556
13215940019
13215775077
13215052652
13214296055
13214662050
13215578788
13214407241
13214180391
13215917677
13214667889
13214086248
13214176089
13215051548
13214059967
13214425211
13215376233
13215226266
13215129284
13214027832
13214326743
13214377749
13215050556
13215576138
13215255896
13215578199
13214439618
13214585362
13214744065
13214081509
13214315708
13214203474
13215075996
13214199578
13215271690
13215577753
13214470706
13214423290
13215121588
13215271804
13215031022
13215050758
13215949226
13215274694
13215147352
13214995931
13215435385
13214012437
13215577100
13214805453
13214642172
13214244493
13214421349
13214235367
13214310787
13215415361
13214291991
13214448108
13215279545
13215122582
13214021034
13215126380
13214600215
13214327884
13215036423
13214609745
13214469819
13215911751
13214827782
13215059500
13215373315
13215446628
13214371608
13214270928
13214827741
13214675459
13214801545
13214362306
13214448008
13214381292
13215250530
13214424032
13214388821
13215914477
13214371175
13214383112
13214320479
13214430780
13215123908
13215127599
13215660650
13214249533
13215360944
13214298972
13215578014
13214681774
13215010481
13214471257
13214646841
13215430337
13214404932
13214292919
13215068550
13214315395
13214743004
13215887100
13215075248
13214607001
13215148634
13215228099
13214433407
13214740439
13215867280
13215442024
13214604013
13214408292
13215122921
13214469501
13215437105
13214440262
13215069966
13214084111
13214597781
13215943311
13214326738
13214400192
13214435634
13215124681
13215574461
13215768300
13215911219
13214373902
13214401801
13214822632
13215881286
13214440582
13215010726
13214021116
13215016793
13214396211
13214666128
13215365660
13215914548
13214374179
13215041080
13214397031
13214602715
13215270554
13215123431
13214798252
13214028963
13214265285
13214248362
13214408862
13214469001
13215364016
13215437897
13214808393
13214230464
13215075498
13214193388
13214004734
13214127948
13214609564
13215276506
13214086899
13215572823
13214026165
13214371995
13214241319
13215660572
13214378826
13214449406
13215767158
13214587179
13215880685
13214371336
13215373879
13214699191
13214662215
13215446817
13215017161
13214778755
13214422900
13214424129
13215255188
13215940838
13214607558
13214196859
13214424076
13214380731
13214805881
13215059847
13215499528
13215660340
13215432949
13215123894
13214431231
13215055715
13214583199
13214380293
13214380988
13214581763
13215370349
13214392195
13214248292
13215768349
13215449645
13215141038
13214797223
13214403758
13214437998
13215127536
13215773589
13215782850
13214427953
13214643148
13214298082
13214651776
13214271459
13214407475
13215075914
13214182170
13215070499
13214448358
13215885571
13214195420
13215571436
13215438177
13214640371
13214704636
13214673383
13214441128
13214184132
13214806423
13214469271
13215259912
13214468044
13214426986
13215072380
13214197487
13214240788
13214888465
13215599916
13214460548
13214325169
13215440322
13214791973
13214321366
13215763081
13215940440
13214432086
13214179255
13215228858
13214179983
13214174530
13215129638
13214382431
13215270094
13214424071
13215578206
13215775082
13214277696
13214249660
13215056915
13214622536
13214373090
13215075162
13214397548
13215763705
13215122811
13214002464
13214321033
13215276920
13214176125
13215276588
13214197255
13215949266
13214441756
13214388626
13214773083
13215147273
13214439955
13214805593
13215941830
13214823472
13214607632
13214402694
13214441971
13214479952
13214372969
13215121141
13214697850
13215060282
13214424058
13214203946
13214385691
13215276232
13214401778
13215433667
13215069329
13215439258
13215036558
13214628216
13215664246
13214379422
13215599662
13215128885
13215274590
13214176640
13215571392
13214027002
13214746269
13215278839
13215367675
13214296028
13215861913
13214291567
13214608514
13214368090
13214443157
13214583819
13214124125
13215143458
13215299616
13214124292
13215018897
13214441476
13215054761
13214661632
13215121792
13215780372
13215128777
13215179074
13214665388
13214435694
13215572259
13214002462
13215010959
13214397819
13215430705
13214124530
13214320231
13214604419
13215179857
13215664648
13215256944
13215763536
13215081864
13215037466
13215125311
13214586169
13214385577
13214327646
13214774312
13215085858
13214078907
13214742410
13215370638
13214382992
13215221475
13214248836
13215066285
13215085805
13215228050
13214436542
13215129881
13215270711
13215270740
13215123886
13214243133
13215574381
13214807537
13214409058
13214432614
13214603185
13214271254
13214496101
13214320099
13214379046
13214644637
13214087550
13215014430
13214423315
13214679262
13214196454
13215361801
13214778434
13215665202
13215279479
13214243084
13214235631
13214076676
13215578202
13215259096
13214673008
13214660124
13214054423
13215056971
13214407686
13214371154
13214431513
13215576640
13214087747
13215251727
13215443166
13214670979
13214990094
13215256575
13214606144
13214244770
13215574758
13214650225
13215379324
13215144588
13215491641
13214058113
13215910295
13215251400
13215085285
13215919030
13215010474
13214772603
13215570874
13215036289
13215365324
13215578075
13214740791
13215276530
13215061722
13215576024
13214688001
13214000207
13215144887
13214608509
13215085356
13214398159
13215229112
13214448417
13214383893
13214389516
13214134677
13214997177
13214382160
13214649729
13214384729
13214389445
13215015429
13214819036
13214087257
13215121300
13214804916
13214002351
13214320280
13214377122
13215491364
13214382240
13214435987
13214386097
13215442736
13215276165
13215918568
13214607282
13214396642
13214432803
13214084125
13214290141
13215571721
13214479406
13215058679
13215125010
13214026760
13214083947
13214387096
13215881541
13214369277
13215060062
13215256247
13214430664
13214240336
13215255804
13214121829
13214381439
13215078913
13214375595
13215577782
13214033537
13214026471
13214688022
13214198813
13214990553
13215910824
13215363772
13214430574
13214402788
13215578867
13214384965
13214244368
13215919480
13214202416
13214249652
13214443315
13214740867
13215882120
13214584644
13214316518
13215360441
13215584775
13214247065
13215065219
13215087500
13214396760
13214822161
13214373903
13214266558
13215664650
13215576112
13214239041
13214314838
13214244752
13215867437
13214719839
13214400508
13215882686
13215869855
13214807650
13214437995
13215445052
13215448885
13215058531
13214808701
13214471142
13215768084
13214585395
13214400838
13215499241
13215949581
13215673189
13214027649
13214309303
13214024920
13215436197
13214328882
13214604458
13214319525
13215121464
13214275796
13215577238
13214719103
13214397533
13214386502
13215449869
13215057878
13214421001
13215253717
13214381038
13214049838
13214404030
13214604462
13215019413
13214381359
13214276244
13214748091
13214395893
13215436383
13215031821
13214423961
13215145919
13214604328
13215866777
13215147256
13215668752
13215880741
13214194796
13215128337
13214447349
13214163526
13214371440
13214312193
13215274878
13214185892
13214381788
13214687754
13214329616
13215491912
13214608644
13214123988
13214627420
13215274807
13215055606
13215375466
13214387028
13215444054
13214434539
13214429002
13214741036
13214461323
13214620012
13214609646
13214369389
13215574757
13215763718
13215271121
13214392135
13214603868
13215124212
13215052942
13215660462
13215938939
13214773334
13214672797
13214384913
13214361646
13215271621
13214176010
13215781734
13214603771
13214385845
13215415731
13214203640
13215498201
13214028011
13214407339
13215767234
13215081911
13214179411
13214651030
13215941224
13214470822
13214026860
13214058317
13214240562
13214314482
13215148789
13214606455
13214382312
13214587663
13214661229
13215271756
13214606633
13214461991
13214373420
13214291787
13214621171
13214375441
13214431531
13214081846
13215270888
13214479877
13214309364
13214582786
13214203262
13214383266
13215076636
13214273284
13215575934
13215012165
13214828289
13214425786
13214606743
13215227634
13214779970
13215913555
13214443982
13215766989
13215574619
13215665974
13214367422
13214138776
13214380132
13215571678
13214461964
13215768417
13215036769
13215576173
13215437853
13214082478
13215061950
13214460004
13214239363
13215126905
13214243678
13214600984
13214997466
13214448783
13214581191
13214386029
13215081665
13215142132
13215571729
13214291025
13215089629
13214826009
13214425417
13214385579
13214128610
13215271498
13215069790
13214435607
13214029741
13214699264
13214586516
13215669543
13214421755
13215048055
13214296718
13214311751
13214432202
13214171477
13215447599
13214445744
13214239009
13214273975
13215274841
13215062425
13214604931
13214426071
13214275902
13214707009
13214468767
13214400875
13214004454
13214704586
13214054146
13215065019
13215578707
13214029332
13214746818
13214244579
13214028374
13214317368
13215144347
13215256051
13214403993
13214826249
13215867836
13214669138
13214241062
13215911031
13214311024
13214647523
13215914536
13215361612
13214078140
13214800396
13214587788
13215664141
13214386545
13215369798
13214422747
13215571160
13214741906
13214814458
13214645743
13215276779
13215279351
13214002310
13214675798
13215054146
13214242165
13214778088
13214036876
13214028719
13215369356
13214995300
13214186750
13214433074
13214676998
13214394356
13215433495
13215668256
13215915988
13215577247
13214004255
13215252229
13214421791
13215434143
13215438688
13214318120
13215786645
13215222658
13214441764
13214799246
13214660700
13215949727
13214371318
13214242832
13215270909
13214244793
13215129778
13214447894
13214607730
13214325990
13214379288
13214587485
13214296680
13215073030
13215936720
13215252818
13214603126
13214199897
13214699485
13215765236
13215915751
13215764370
13214608049
13214795501
13215226566
13214232148
13214272953
13215061902
13214802557
13215915652
13214436999
13215575331
13214295329
13215940913
13214312567
13214316990
13214606875
13215491665
13214059216
13215222392
13215361895
13215149633
13215431880
13215916195
13214742308
13215577344
13214516149
13214328180
13214295250
13214470333
13214394446
13214329107
13214426517
13215869184
13214660330
13214441437
13215910663
13215019983
13215034195
13214248850
13214329617
13214379400
13214464837
13215365223
13215584303
13215575470
13214311965
13214790930
13214606309
13214674428
13215578641
13214374042
13214743984
13215279403
13215142561
13214745166
13214249384
13214597229
13215867484
13214799517
13214779284
13215491985
13214609634
13214293074
13215433222
13215067309
13215147819
13214582591
13214196457
13215871991
13215887839
13215442640
13214424244
13215882784
13214389863
13215034532
13214323472
13214374653
13214328096
13214174415
13214681235
13215129566
13215445718
13215278788
13215373833
13214120399
13215120760
13214791674
13215179263
13214990054
13214369843
13214180039
13214270255
13214651335
13214465146
13215077123
13215367282
13214007338
13214423608
13215762579
13214198359
13215013778
13215126137
13215449488
13214424442
13214431494
13214821148
13214026316
13214433833
13214328531
13214603262
13215949368
13215910976
13214404167
13214604532
13215431872
13214728191
13214427987
13215255485
13214024383
13214275691
13214671059
13214272040
13215990222
13214427640
13214602293
13214312055
13215584780
13215012780
13214383417
13215031529
13214192646
13214074941
13215140365
13214608007
13214581575
13215142005
13214128063
13215061488
13215665770
13215361490
13214028831
13214429812
13214329853
13214514843
13215144480
13214121763
13214648876
13214443286
13214580180
13214425753
13215361126
13214178357
13214424353
13215661168
13214397531
13214086662
13215491021
13214995283
13214815556
13214431658
13214423919
13214312008
13214247582
13214080492
13214195017
13214445916
13215126809
13214510424
13215055176
13214274068
13215274892
13214273052
13215061867
13214795024
13215572816
13214744247
13214003293
13214742084
13215053949
13214247825
13214426528
13214387543
13214372115
13215367531
13214815366
13215664632
13214423708
13214385174
13214726129
13214824122
13214664672
13214389857
13214026109
13215765164
13214802096
13215782056
13215578547
13214057378
13215372581
13214197272
13214408230
13214421833
13214391757
13215573813
13215081664
13214315180
13214470628
13215253778
13214026939
13214121956
13214376945
13215941744
13214172747
13215122596
13215106316
13215362870
13214232968
13215069573
13214434510
13214203448
13214083703
13215570692
13215250672
